 /!\ PyMultiNest detected but MultiNest likely not installed correctly. You can
     safely ignore this if not running with option -m NS
Running Monte Python v3.6.0

with CLASS v3.2.1

Testing likelihoods for:
 ->eftboss

reading data file: data/eftboss/boss_dr12_2pt.npy
-----------------------
sky: cmass_ngc
output: bPk
multipole: 2
min bound (per multipole): [0.01, 0.01]
max bound (per multipole): [0.23, 0.23]
bao rec: on
coordinate (AP) distortion: on
survey mask: on
-----------------------
-----------------------
sky: cmass_sgc
output: bPk
multipole: 2
min bound (per multipole): [0.01, 0.01]
max bound (per multipole): [0.23, 0.23]
bao rec: on
coordinate (AP) distortion: on
survey mask: on
-----------------------
-----------------------
sky: lowz_ngc
output: bPk
multipole: 2
min bound (per multipole): [0.01, 0.01]
max bound (per multipole): [0.2, 0.2]
bao rec: on
coordinate (AP) distortion: on
survey mask: on
-----------------------
-----------------------
sky: lowz_sgc
output: bPk
multipole: 2
min bound (per multipole): [0.01, 0.01]
max bound (per multipole): [0.2, 0.2]
bao rec: on
coordinate (AP) distortion: on
survey mask: on
-----------------------
cmass_ngc: Hartlap factor correction on precision matrix estimated from 2048 mocks for 42 bins
cmass_sgc: Hartlap factor correction on precision matrix estimated from 2048 mocks for 42 bins
lowz_ngc: Hartlap factor correction on precision matrix estimated from 2048 mocks for 38 bins
lowz_sgc: Hartlap factor correction on precision matrix estimated from 2048 mocks for 38 bins
-----------------------
get_maxlkl : False
with_boss_correlated_skies_prior : False
with_rs_marg : False
-----------------------
Creating chains/eftboss_wc_nobbn/2023-12-05_10000__1.txt


Input covariance matrix:
['omega_b', 'omega_cdm', 'h', 'ln10^{10}A_s', 'n_s', 'b1_hN', 'c2_hN', 'b1_hS', 'c2_hS', 'b1_lN', 'c2_lN', 'b1_lS', 'c2_lS', 'Omega_m', 'A_s', 'sigma8']
[[ 1.38e-07  6.31e-07  1.35e-06 -4.86e-06 -1.94e-06 -6.57e-08 -1.02e-05  7.25e-07 -3.53e-06  7.70e-07 -1.34e-06  6.68e-07 -2.59e-06  3.76e-07
  -9.10e-15 -6.21e-07]
 [ 6.31e-07  1.21e-04  9.87e-05 -1.15e-03 -5.58e-04  4.33e-04  1.29e-03  3.12e-04  3.30e-04  2.89e-04  2.56e-04  2.42e-04  7.09e-05  1.65e-04
  -2.13e-12 -1.34e-04]
 [ 1.35e-06  9.87e-05  1.99e-04 -9.29e-04 -3.51e-04  2.54e-04  8.48e-04  1.33e-04  3.17e-04  1.32e-04  2.27e-04  1.28e-04  1.74e-04  2.71e-05
  -1.72e-12 -5.29e-05]
 [-4.86e-06 -1.15e-03 -9.29e-04  2.40e-02  5.84e-03 -1.86e-02 -1.60e-02 -1.77e-02 -1.27e-02 -1.62e-02 -1.39e-02 -1.49e-02 -6.95e-03 -1.59e-03
   4.48e-11  6.39e-03]
 [-1.94e-06 -5.58e-04 -3.51e-04  5.84e-03  3.45e-03 -1.43e-03 -4.93e-04 -1.56e-03 -4.69e-04 -1.40e-03 -4.31e-04 -1.28e-03  3.47e-04 -8.55e-04
   1.08e-11  1.09e-03]
 [-6.57e-08  4.33e-04  2.54e-04 -1.86e-02 -1.43e-03  2.29e-02  4.19e-02  1.85e-02  1.39e-02  1.71e-02  1.56e-02  1.56e-02  8.60e-03  6.80e-04
  -3.47e-11 -5.86e-03]
 [-1.02e-05  1.29e-03  8.48e-04 -1.60e-02 -4.93e-04  4.19e-02  3.06e-01  1.17e-02  1.61e-02  1.13e-02  1.57e-02  8.96e-03  7.67e-03  1.95e-03
  -2.92e-11 -1.13e-03]
 [ 7.25e-07  3.12e-04  1.33e-04 -1.77e-02 -1.56e-03  1.85e-02  1.17e-02  2.01e-02  2.72e-02  1.66e-02  1.47e-02  1.54e-02  8.03e-03  5.36e-04
  -3.30e-11 -6.02e-03]
 [-3.53e-06  3.30e-04  3.17e-04 -1.27e-02 -4.69e-04  1.39e-02  1.61e-02  2.72e-02  1.94e-01  1.21e-02  1.48e-02  1.14e-02  1.02e-02  3.98e-04
  -2.40e-11 -3.69e-03]
 [ 7.70e-07  2.89e-04  1.32e-04 -1.62e-02 -1.40e-03  1.71e-02  1.13e-02  1.66e-02  1.21e-02  1.72e-02  2.61e-02  1.41e-02  7.79e-03  4.90e-04
  -3.03e-11 -5.52e-03]
 [-1.34e-06  2.56e-04  2.27e-04 -1.39e-02 -4.31e-04  1.56e-02  1.57e-02  1.47e-02  1.48e-02  2.61e-02  1.56e-01  1.29e-02  1.22e-02  3.33e-04
  -2.61e-11 -4.40e-03]
 [ 6.68e-07  2.42e-04  1.28e-04 -1.49e-02 -1.28e-03  1.56e-02  8.96e-03  1.54e-02  1.14e-02  1.41e-02  1.29e-02  1.66e-02  2.47e-02  3.93e-04
  -2.78e-11 -5.15e-03]
 [-2.59e-06  7.09e-05  1.74e-04 -6.95e-03  3.47e-04  8.60e-03  7.67e-03  8.03e-03  1.02e-02  7.79e-03  1.22e-02  2.47e-02  2.13e-01 -1.96e-05
  -1.33e-11 -2.26e-03]
 [ 3.76e-07  1.65e-04  2.71e-05 -1.59e-03 -8.55e-04  6.80e-04  1.95e-03  5.36e-04  3.98e-04  4.90e-04  3.33e-04  3.93e-04 -1.96e-05  3.24e-04
  -2.93e-12 -2.34e-04]
 [-9.10e-15 -2.13e-12 -1.72e-12  4.48e-11  1.08e-11 -3.47e-11 -2.92e-11 -3.30e-11 -2.40e-11 -3.03e-11 -2.61e-11 -2.78e-11 -1.33e-11 -2.93e-12
   8.44e-20  1.20e-11]
 [-6.21e-07 -1.34e-04 -5.29e-05  6.39e-03  1.09e-03 -5.86e-03 -1.13e-03 -6.02e-03 -3.69e-03 -5.52e-03 -4.40e-03 -5.15e-03 -2.26e-03 -2.34e-04
   1.20e-11  2.27e-03]]

First treatment (scaling)
['omega_b', 'omega_cdm', 'h', 'ln10^{10}A_s', 'n_s', 'b1_hN', 'c2_hN', 'b1_hS', 'c2_hS', 'b1_lN', 'c2_lN', 'b1_lS', 'c2_lS', 'Omega_m', 'A_s', 'sigma8']
[[ 1.38e-03  6.31e-05  1.35e-04 -4.86e-04 -1.94e-04 -6.57e-06 -1.02e-03  7.25e-05 -3.53e-04  7.70e-05 -1.34e-04  6.68e-05 -2.59e-04  3.76e-05
  -9.10e-13 -6.21e-05]
 [ 6.31e-05  1.21e-04  9.87e-05 -1.15e-03 -5.58e-04  4.33e-04  1.29e-03  3.12e-04  3.30e-04  2.89e-04  2.56e-04  2.42e-04  7.09e-05  1.65e-04
  -2.13e-12 -1.34e-04]
 [ 1.35e-04  9.87e-05  1.99e-04 -9.29e-04 -3.51e-04  2.54e-04  8.48e-04  1.33e-04  3.17e-04  1.32e-04  2.27e-04  1.28e-04  1.74e-04  2.71e-05
  -1.72e-12 -5.29e-05]
 [-4.86e-04 -1.15e-03 -9.29e-04  2.40e-02  5.84e-03 -1.86e-02 -1.60e-02 -1.77e-02 -1.27e-02 -1.62e-02 -1.39e-02 -1.49e-02 -6.95e-03 -1.59e-03
   4.48e-11  6.39e-03]
 [-1.94e-04 -5.58e-04 -3.51e-04  5.84e-03  3.45e-03 -1.43e-03 -4.93e-04 -1.56e-03 -4.69e-04 -1.40e-03 -4.31e-04 -1.28e-03  3.47e-04 -8.55e-04
   1.08e-11  1.09e-03]
 [-6.57e-06  4.33e-04  2.54e-04 -1.86e-02 -1.43e-03  2.29e-02  4.19e-02  1.85e-02  1.39e-02  1.71e-02  1.56e-02  1.56e-02  8.60e-03  6.80e-04
  -3.47e-11 -5.86e-03]
 [-1.02e-03  1.29e-03  8.48e-04 -1.60e-02 -4.93e-04  4.19e-02  3.06e-01  1.17e-02  1.61e-02  1.13e-02  1.57e-02  8.96e-03  7.67e-03  1.95e-03
  -2.92e-11 -1.13e-03]
 [ 7.25e-05  3.12e-04  1.33e-04 -1.77e-02 -1.56e-03  1.85e-02  1.17e-02  2.01e-02  2.72e-02  1.66e-02  1.47e-02  1.54e-02  8.03e-03  5.36e-04
  -3.30e-11 -6.02e-03]
 [-3.53e-04  3.30e-04  3.17e-04 -1.27e-02 -4.69e-04  1.39e-02  1.61e-02  2.72e-02  1.94e-01  1.21e-02  1.48e-02  1.14e-02  1.02e-02  3.98e-04
  -2.40e-11 -3.69e-03]
 [ 7.70e-05  2.89e-04  1.32e-04 -1.62e-02 -1.40e-03  1.71e-02  1.13e-02  1.66e-02  1.21e-02  1.72e-02  2.61e-02  1.41e-02  7.79e-03  4.90e-04
  -3.03e-11 -5.52e-03]
 [-1.34e-04  2.56e-04  2.27e-04 -1.39e-02 -4.31e-04  1.56e-02  1.57e-02  1.47e-02  1.48e-02  2.61e-02  1.56e-01  1.29e-02  1.22e-02  3.33e-04
  -2.61e-11 -4.40e-03]
 [ 6.68e-05  2.42e-04  1.28e-04 -1.49e-02 -1.28e-03  1.56e-02  8.96e-03  1.54e-02  1.14e-02  1.41e-02  1.29e-02  1.66e-02  2.47e-02  3.93e-04
  -2.78e-11 -5.15e-03]
 [-2.59e-04  7.09e-05  1.74e-04 -6.95e-03  3.47e-04  8.60e-03  7.67e-03  8.03e-03  1.02e-02  7.79e-03  1.22e-02  2.47e-02  2.13e-01 -1.96e-05
  -1.33e-11 -2.26e-03]
 [ 3.76e-05  1.65e-04  2.71e-05 -1.59e-03 -8.55e-04  6.80e-04  1.95e-03  5.36e-04  3.98e-04  4.90e-04  3.33e-04  3.93e-04 -1.96e-05  3.24e-04
  -2.93e-12 -2.34e-04]
 [-9.10e-13 -2.13e-12 -1.72e-12  4.48e-11  1.08e-11 -3.47e-11 -2.92e-11 -3.30e-11 -2.40e-11 -3.03e-11 -2.61e-11 -2.78e-11 -1.33e-11 -2.93e-12
   8.44e-20  1.20e-11]
 [-6.21e-05 -1.34e-04 -5.29e-05  6.39e-03  1.09e-03 -5.86e-03 -1.13e-03 -6.02e-03 -3.69e-03 -5.52e-03 -4.40e-03 -5.15e-03 -2.26e-03 -2.34e-04
   1.20e-11  2.27e-03]]

Second treatment (partial reordering and cleaning)
['omega_b', 'omega_cdm', 'h', 'ln10^{10}A_s', 'n_s', 'b1_hN', 'c2_hN', 'b1_hS', 'c2_hS', 'b1_lN', 'c2_lN', 'b1_lS', 'c2_lS', '', '', '']
[[ 1.38e-03  6.31e-05  1.35e-04 -4.86e-04 -1.94e-04 -6.57e-06 -1.02e-03  7.25e-05 -3.53e-04  7.70e-05 -1.34e-04  6.68e-05 -2.59e-04  0.00e+00
   0.00e+00  0.00e+00]
 [ 6.31e-05  1.21e-04  9.87e-05 -1.15e-03 -5.58e-04  4.33e-04  1.29e-03  3.12e-04  3.30e-04  2.89e-04  2.56e-04  2.42e-04  7.09e-05  0.00e+00
   0.00e+00  0.00e+00]
 [ 1.35e-04  9.87e-05  1.99e-04 -9.29e-04 -3.51e-04  2.54e-04  8.48e-04  1.33e-04  3.17e-04  1.32e-04  2.27e-04  1.28e-04  1.74e-04  0.00e+00
   0.00e+00  0.00e+00]
 [-4.86e-04 -1.15e-03 -9.29e-04  2.40e-02  5.84e-03 -1.86e-02 -1.60e-02 -1.77e-02 -1.27e-02 -1.62e-02 -1.39e-02 -1.49e-02 -6.95e-03  0.00e+00
   0.00e+00  0.00e+00]
 [-1.94e-04 -5.58e-04 -3.51e-04  5.84e-03  3.45e-03 -1.43e-03 -4.93e-04 -1.56e-03 -4.69e-04 -1.40e-03 -4.31e-04 -1.28e-03  3.47e-04  0.00e+00
   0.00e+00  0.00e+00]
 [-6.57e-06  4.33e-04  2.54e-04 -1.86e-02 -1.43e-03  2.29e-02  4.19e-02  1.85e-02  1.39e-02  1.71e-02  1.56e-02  1.56e-02  8.60e-03  0.00e+00
   0.00e+00  0.00e+00]
 [-1.02e-03  1.29e-03  8.48e-04 -1.60e-02 -4.93e-04  4.19e-02  3.06e-01  1.17e-02  1.61e-02  1.13e-02  1.57e-02  8.96e-03  7.67e-03  0.00e+00
   0.00e+00  0.00e+00]
 [ 7.25e-05  3.12e-04  1.33e-04 -1.77e-02 -1.56e-03  1.85e-02  1.17e-02  2.01e-02  2.72e-02  1.66e-02  1.47e-02  1.54e-02  8.03e-03  0.00e+00
   0.00e+00  0.00e+00]
 [-3.53e-04  3.30e-04  3.17e-04 -1.27e-02 -4.69e-04  1.39e-02  1.61e-02  2.72e-02  1.94e-01  1.21e-02  1.48e-02  1.14e-02  1.02e-02  0.00e+00
   0.00e+00  0.00e+00]
 [ 7.70e-05  2.89e-04  1.32e-04 -1.62e-02 -1.40e-03  1.71e-02  1.13e-02  1.66e-02  1.21e-02  1.72e-02  2.61e-02  1.41e-02  7.79e-03  0.00e+00
   0.00e+00  0.00e+00]
 [-1.34e-04  2.56e-04  2.27e-04 -1.39e-02 -4.31e-04  1.56e-02  1.57e-02  1.47e-02  1.48e-02  2.61e-02  1.56e-01  1.29e-02  1.22e-02  0.00e+00
   0.00e+00  0.00e+00]
 [ 6.68e-05  2.42e-04  1.28e-04 -1.49e-02 -1.28e-03  1.56e-02  8.96e-03  1.54e-02  1.14e-02  1.41e-02  1.29e-02  1.66e-02  2.47e-02  0.00e+00
   0.00e+00  0.00e+00]
 [-2.59e-04  7.09e-05  1.74e-04 -6.95e-03  3.47e-04  8.60e-03  7.67e-03  8.03e-03  1.02e-02  7.79e-03  1.22e-02  2.47e-02  2.13e-01  0.00e+00
   0.00e+00  0.00e+00]
 [ 0.00e+00  0.00e+00  0.00e+00  0.00e+00  0.00e+00  0.00e+00  0.00e+00  0.00e+00  0.00e+00  0.00e+00  0.00e+00  0.00e+00  0.00e+00  0.00e+00
   0.00e+00  0.00e+00]
 [ 0.00e+00  0.00e+00  0.00e+00  0.00e+00  0.00e+00  0.00e+00  0.00e+00  0.00e+00  0.00e+00  0.00e+00  0.00e+00  0.00e+00  0.00e+00  0.00e+00
   0.00e+00  0.00e+00]
 [ 0.00e+00  0.00e+00  0.00e+00  0.00e+00  0.00e+00  0.00e+00  0.00e+00  0.00e+00  0.00e+00  0.00e+00  0.00e+00  0.00e+00  0.00e+00  0.00e+00
   0.00e+00  0.00e+00]]

Deduced starting covariance matrix:

['omega_b', 'omega_cdm', 'h', 'ln10^{10}A_s', 'n_s', 'b1_hN', 'c2_hN', 'b1_hS', 'c2_hS', 'b1_lN', 'c2_lN', 'b1_lS', 'c2_lS']
[[ 1.38e-03  6.31e-05  1.35e-04 -4.86e-04 -1.94e-04 -6.57e-06 -1.02e-03  7.25e-05 -3.53e-04  7.70e-05 -1.34e-04  6.68e-05 -2.59e-04]
 [ 6.31e-05  1.21e-04  9.87e-05 -1.15e-03 -5.58e-04  4.33e-04  1.29e-03  3.12e-04  3.30e-04  2.89e-04  2.56e-04  2.42e-04  7.09e-05]
 [ 1.35e-04  9.87e-05  1.99e-04 -9.29e-04 -3.51e-04  2.54e-04  8.48e-04  1.33e-04  3.17e-04  1.32e-04  2.27e-04  1.28e-04  1.74e-04]
 [-4.86e-04 -1.15e-03 -9.29e-04  2.40e-02  5.84e-03 -1.86e-02 -1.60e-02 -1.77e-02 -1.27e-02 -1.62e-02 -1.39e-02 -1.49e-02 -6.95e-03]
 [-1.94e-04 -5.58e-04 -3.51e-04  5.84e-03  3.45e-03 -1.43e-03 -4.93e-04 -1.56e-03 -4.69e-04 -1.40e-03 -4.31e-04 -1.28e-03  3.47e-04]
 [-6.57e-06  4.33e-04  2.54e-04 -1.86e-02 -1.43e-03  2.29e-02  4.19e-02  1.85e-02  1.39e-02  1.71e-02  1.56e-02  1.56e-02  8.60e-03]
 [-1.02e-03  1.29e-03  8.48e-04 -1.60e-02 -4.93e-04  4.19e-02  3.06e-01  1.17e-02  1.61e-02  1.13e-02  1.57e-02  8.96e-03  7.67e-03]
 [ 7.25e-05  3.12e-04  1.33e-04 -1.77e-02 -1.56e-03  1.85e-02  1.17e-02  2.01e-02  2.72e-02  1.66e-02  1.47e-02  1.54e-02  8.03e-03]
 [-3.53e-04  3.30e-04  3.17e-04 -1.27e-02 -4.69e-04  1.39e-02  1.61e-02  2.72e-02  1.94e-01  1.21e-02  1.48e-02  1.14e-02  1.02e-02]
 [ 7.70e-05  2.89e-04  1.32e-04 -1.62e-02 -1.40e-03  1.71e-02  1.13e-02  1.66e-02  1.21e-02  1.72e-02  2.61e-02  1.41e-02  7.79e-03]
 [-1.34e-04  2.56e-04  2.27e-04 -1.39e-02 -4.31e-04  1.56e-02  1.57e-02  1.47e-02  1.48e-02  2.61e-02  1.56e-01  1.29e-02  1.22e-02]
 [ 6.68e-05  2.42e-04  1.28e-04 -1.49e-02 -1.28e-03  1.56e-02  8.96e-03  1.54e-02  1.14e-02  1.41e-02  1.29e-02  1.66e-02  2.47e-02]
 [-2.59e-04  7.09e-05  1.74e-04 -6.95e-03  3.47e-04  8.60e-03  7.67e-03  8.03e-03  1.02e-02  7.79e-03  1.22e-02  2.47e-02  2.13e-01]]
Update routine is enabled with value 50 (recommended: 50)
This number is rescaled by cycle length 13 (N_slow + f_fast * N_fast) to 650
v3.2.1

#  -LogLkl	1e+02omega_b    omega_cdm       h               ln10^{10}A_s    n_s             b1_hN           c2_hN           b1_hS           c2_hS           b1_lN           c2_lN           b1_lS           c2_lS           Omega_m         1e+09A_s        sigma8          
 /!\ PyMultiNest detected but MultiNest likely not installed correctly. You can
     safely ignore this if not running with option -m NS
1  418.91	2.306217e+00	1.192337e-01	6.692342e-01	3.211965e+00	9.856722e-01	1.844046e+00	1.707307e-02	1.835747e+00	-1.114381e-01	1.849745e+00	-1.274132e-01	1.855983e+00	-7.811162e-02	3.191521e-01	2.482784e+00	8.780437e-01	
5  417.907	2.278158e+00	1.079881e-01	6.549832e-01	3.329991e+00	1.013766e+00	1.765104e+00	-2.222201e-01	1.783261e+00	-1.809026e-01	1.799788e+00	-1.892891e-01	1.814278e+00	-1.113782e-01	3.063237e-01	2.793810e+00	8.798283e-01	
2  304.947	2.278158e+00	1.079881e-01	6.549832e-01	3.329991e+00	1.013766e+00	1.790326e+00	9.386398e-03	1.843935e+00	6.746869e-01	1.753868e+00	-2.585805e-01	1.896129e+00	3.554159e-01	3.063237e-01	2.793810e+00	8.798283e-01	
1  219.538	2.278158e+00	1.079881e-01	6.549832e-01	3.329991e+00	1.013766e+00	1.756146e+00	-1.415279e-01	1.820515e+00	2.887680e-01	1.761163e+00	-5.792295e-02	1.904664e+00	1.090027e+00	3.063237e-01	2.793810e+00	8.798283e-01	
4  156.79	2.278158e+00	1.079881e-01	6.549832e-01	3.329991e+00	1.013766e+00	1.804750e+00	3.547812e-01	1.853525e+00	3.334201e-01	1.833941e+00	3.337987e-01	1.906766e+00	1.431180e+00	3.063237e-01	2.793810e+00	8.798283e-01	
1  155.248	2.321294e+00	1.110617e-01	6.497089e-01	3.200711e+00	9.844190e-01	1.922985e+00	3.331926e-01	1.982082e+00	3.844420e-01	1.951505e+00	4.114147e-01	2.014460e+00	1.455542e+00	3.196207e-01	2.454998e+00	8.268365e-01	
4  132.042	2.278375e+00	1.028872e-01	6.399320e-01	3.053379e+00	1.049123e+00	2.210434e+00	6.529174e-01	2.243637e+00	6.106840e-01	2.193565e+00	6.569397e-01	2.235034e+00	1.607402e+00	3.084520e-01	2.118682e+00	7.470983e-01	
2  127.63	2.278375e+00	1.028872e-01	6.399320e-01	3.053379e+00	1.049123e+00	2.252081e+00	1.036090e+00	2.247368e+00	9.043762e-01	2.149237e+00	4.774450e-01	2.192339e+00	1.970575e+00	3.084520e-01	2.118682e+00	7.470983e-01	
2  126.732	2.278375e+00	1.028872e-01	6.399320e-01	3.053379e+00	1.049123e+00	2.234637e+00	7.120345e-01	2.238734e+00	4.885058e-01	2.231121e+00	1.032826e+00	2.202946e+00	2.180835e+00	3.084520e-01	2.118682e+00	7.470983e-01	
3  126.879	2.278375e+00	1.028872e-01	6.399320e-01	3.053379e+00	1.049123e+00	2.131449e+00	-5.741698e-02	2.219558e+00	5.934913e-01	2.218131e+00	1.075934e+00	2.120172e+00	2.343985e+00	3.084520e-01	2.118682e+00	7.470983e-01	
2  124.087	2.278375e+00	1.028872e-01	6.399320e-01	3.053379e+00	1.049123e+00	2.139556e+00	3.242263e-01	2.288716e+00	6.028181e-01	2.247095e+00	1.330098e+00	2.186347e+00	2.405040e+00	3.084520e-01	2.118682e+00	7.470983e-01	
4  123.061	2.339303e+00	9.720800e-02	6.439647e-01	3.239738e+00	1.066825e+00	1.928581e+00	-2.295312e-02	2.105867e+00	4.327182e-01	2.078400e+00	1.161564e+00	2.035625e+00	2.308497e+00	2.923750e-01	2.552703e+00	7.907011e-01	
4  116.109	2.339303e+00	9.720800e-02	6.439647e-01	3.239738e+00	1.066825e+00	1.932301e+00	6.680920e-02	2.119004e+00	1.041833e+00	2.084294e+00	1.225129e+00	2.014906e+00	2.475628e+00	2.923750e-01	2.552703e+00	7.907011e-01	
4  115.011	2.339303e+00	9.720800e-02	6.439647e-01	3.239738e+00	1.066825e+00	1.968785e+00	1.293150e-01	2.101740e+00	1.087511e+00	1.979708e+00	5.632295e-01	2.002172e+00	2.359248e+00	2.923750e-01	2.552703e+00	7.907011e-01	
 /!\ PyMultiNest detected but MultiNest likely not installed correctly. You can
     safely ignore this if not running with option -m NS
reading data file: data/eftboss/boss_dr12_2pt.npy
-----------------------
sky: cmass_ngc
output: bPk
multipole: 2
min bound (per multipole): [0.01, 0.01]
max bound (per multipole): [0.23, 0.23]
bao rec: on
coordinate (AP) distortion: on
survey mask: on
-----------------------
-----------------------
sky: cmass_sgc
output: bPk
multipole: 2
min bound (per multipole): [0.01, 0.01]
max bound (per multipole): [0.23, 0.23]
bao rec: on
coordinate (AP) distortion: on
survey mask: on
-----------------------
-----------------------
sky: lowz_ngc
output: bPk
multipole: 2
min bound (per multipole): [0.01, 0.01]
max bound (per multipole): [0.2, 0.2]
bao rec: on
coordinate (AP) distortion: on
survey mask: on
-----------------------
-----------------------
sky: lowz_sgc
output: bPk
multipole: 2
min bound (per multipole): [0.01, 0.01]
max bound (per multipole): [0.2, 0.2]
bao rec: on
coordinate (AP) distortion: on
survey mask: on
-----------------------
cmass_ngc: Hartlap factor correction on precision matrix estimated from 2048 mocks for 42 bins
cmass_sgc: Hartlap factor correction on precision matrix estimated from 2048 mocks for 42 bins
lowz_ngc: Hartlap factor correction on precision matrix estimated from 2048 mocks for 38 bins
lowz_sgc: Hartlap factor correction on precision matrix estimated from 2048 mocks for 38 bins
-----------------------
get_maxlkl : False
with_boss_correlated_skies_prior : False
with_rs_marg : False
-----------------------
Creating chains/eftboss_wc_nobbn/2023-12-05_10000__5.txt

v3.2.1
1  299.715	2.254004e+00	9.087960e-02	6.685376e-01	3.414683e+00	1.144745e+00	1.822874e+00	-1.476154e-01	1.822540e+00	-8.628595e-02	1.838835e+00	-9.591636e-02	1.855848e+00	-1.225423e-02	2.552091e-01	3.040731e+00	8.607867e-01	
1  301.223	2.281439e+00	1.092061e-01	6.875288e-01	3.090601e+00	1.085110e+00	2.094270e+00	2.679704e-01	2.055956e+00	1.185809e-01	2.055539e+00	1.144666e-01	2.049981e+00	9.980911e-02	2.806554e-01	2.199029e+00	8.171601e-01	
1  281.37	2.213473e+00	1.080160e-01	6.654503e-01	3.100486e+00	1.052164e+00	2.078207e+00	2.082377e-01	2.055078e+00	9.105692e-02	2.052185e+00	8.609738e-02	2.045934e+00	7.070991e-02	2.953653e-01	2.220874e+00	8.030677e-01	
3  244.398	2.273110e+00	1.100114e-01	6.992855e-01	2.923530e+00	1.075242e+00	2.252289e+00	2.510143e-01	2.219672e+00	2.321857e-01	2.206043e+00	2.468414e-01	2.194486e+00	1.827177e-01	2.727742e-01	1.860685e+00	7.561111e-01	
1  188.782	2.273110e+00	1.100114e-01	6.992855e-01	2.923530e+00	1.075242e+00	2.240460e+00	5.714606e-02	2.248363e+00	3.156320e-01	2.301065e+00	1.423104e+00	2.239922e+00	5.839085e-01	2.727742e-01	1.860685e+00	7.561111e-01	
3  178.716	2.273110e+00	1.100114e-01	6.992855e-01	2.923530e+00	1.075242e+00	2.309784e+00	7.047860e-01	2.198984e+00	1.754643e-01	2.371256e+00	2.154180e+00	2.208930e+00	4.079589e-01	2.727742e-01	1.860685e+00	7.561111e-01	
1  147.641	2.273110e+00	1.100114e-01	6.992855e-01	2.923530e+00	1.075242e+00	2.276472e+00	8.245707e-01	2.171623e+00	3.277572e-01	2.367066e+00	1.533299e+00	2.227984e+00	9.087065e-01	2.727742e-01	1.860685e+00	7.561111e-01	
2  135.562	2.273110e+00	1.100114e-01	6.992855e-01	2.923530e+00	1.075242e+00	2.321265e+00	1.002619e+00	2.218487e+00	6.344885e-01	2.386366e+00	2.053717e+00	2.209876e+00	1.312946e+00	2.727742e-01	1.860685e+00	7.561111e-01	
1  136.665	2.241316e+00	1.115681e-01	6.991084e-01	2.998556e+00	1.064274e+00	2.219934e+00	9.920254e-01	2.115309e+00	5.737724e-01	2.291105e+00	1.973682e+00	2.121509e+00	1.271121e+00	2.754470e-01	2.005656e+00	7.911183e-01	
5  134.486	2.224728e+00	1.074695e-01	7.006135e-01	3.089693e+00	1.066817e+00	2.108744e+00	7.779833e-01	2.023513e+00	4.927321e-01	2.205624e+00	1.888523e+00	2.047793e+00	1.229155e+00	2.655770e-01	2.197033e+00	8.095066e-01	
1  133.98	2.224728e+00	1.074695e-01	7.006135e-01	3.089693e+00	1.066817e+00	2.168425e+00	1.212874e+00	2.049625e+00	8.771844e-01	2.207413e+00	2.197244e+00	2.003653e+00	1.341787e+00	2.655770e-01	2.197033e+00	8.095066e-01	
3  126.013	2.224728e+00	1.074695e-01	7.006135e-01	3.089693e+00	1.066817e+00	2.168805e+00	1.771523e+00	2.094105e+00	1.129001e+00	2.165365e+00	1.635862e+00	1.943850e+00	5.390494e-01	2.655770e-01	2.197033e+00	8.095066e-01	
3  121.413	2.224728e+00	1.074695e-01	7.006135e-01	3.089693e+00	1.066817e+00	2.145065e+00	1.806014e+00	2.100922e+00	1.325206e+00	2.170882e+00	1.602038e+00	1.957431e+00	8.332898e-01	2.655770e-01	2.197033e+00	8.095066e-01	
5  118.4	2.237344e+00	1.022833e-01	6.935591e-01	3.341116e+00	1.121357e+00	1.942696e+00	1.867715e+00	1.881638e+00	1.200430e+00	1.970614e+00	1.448956e+00	1.766755e+00	7.524300e-01	2.604877e-01	2.825064e+00	9.033140e-01	
1  117.431	2.237344e+00	1.022833e-01	6.935591e-01	3.341116e+00	1.121357e+00	1.880379e+00	1.204868e+00	1.909520e+00	9.448304e-01	1.934118e+00	1.264793e+00	1.796306e+00	6.432405e-01	2.604877e-01	2.825064e+00	9.033140e-01	
1  119.108	2.237344e+00	1.022833e-01	6.935591e-01	3.341116e+00	1.121357e+00	1.831085e+00	7.210207e-01	1.903456e+00	9.479034e-01	1.934271e+00	1.340695e+00	1.770506e+00	4.418940e-01	2.604877e-01	2.825064e+00	9.033140e-01	
3  112.733	2.237344e+00	1.022833e-01	6.935591e-01	3.341116e+00	1.121357e+00	1.822763e+00	6.067583e-01	1.893804e+00	9.753755e-01	1.944596e+00	1.254360e+00	1.766613e+00	6.785343e-01	2.604877e-01	2.825064e+00	9.033140e-01	
3  111.91	2.237344e+00	1.022833e-01	6.935591e-01	3.341116e+00	1.121357e+00	1.819806e+00	6.631133e-01	1.873432e+00	1.069288e+00	1.961232e+00	1.422743e+00	1.753593e+00	8.167388e-01	2.604877e-01	2.825064e+00	9.033140e-01	
4  113.163	2.236823e+00	1.230189e-01	7.092452e-01	3.240316e+00	1.006075e+00	1.751813e+00	7.029487e-01	1.801344e+00	1.017572e+00	1.894096e+00	1.348318e+00	1.689775e+00	7.596936e-01	2.903040e-01	2.554180e+00	9.338397e-01	
2  112.077	2.225534e+00	1.167732e-01	7.026363e-01	3.238094e+00	9.998607e-01	1.749994e+00	4.286237e-01	1.833043e+00	9.910445e-01	1.921174e+00	1.341874e+00	1.721514e+00	7.524588e-01	2.829114e-01	2.548510e+00	8.982486e-01	
3  110.597	2.225534e+00	1.167732e-01	7.026363e-01	3.238094e+00	9.998607e-01	1.736166e+00	7.667073e-01	1.848907e+00	1.111241e+00	1.837853e+00	1.003956e+00	1.793115e+00	1.149699e+00	2.829114e-01	2.548510e+00	8.982486e-01	
3  110.229	2.225534e+00	1.167732e-01	7.026363e-01	3.238094e+00	9.998607e-01	1.723954e+00	6.499765e-01	1.882816e+00	1.681892e+00	1.760269e+00	6.992070e-01	1.833290e+00	1.144349e+00	2.829114e-01	2.548510e+00	8.982486e-01	
4  106.157	2.225534e+00	1.167732e-01	7.026363e-01	3.238094e+00	9.998607e-01	1.794059e+00	1.218383e+00	1.847117e+00	1.514207e+00	1.768482e+00	9.345667e-01	1.816837e+00	1.465549e+00	2.829114e-01	2.548510e+00	8.982486e-01	
2  105.755	2.254717e+00	1.173350e-01	7.112810e-01	3.199005e+00	1.008636e+00	1.835201e+00	1.231881e+00	1.885099e+00	1.545209e+00	1.804248e+00	9.720514e-01	1.850897e+00	1.490302e+00	2.777635e-01	2.450813e+00	8.870738e-01	
6  101.399	2.254717e+00	1.173350e-01	7.112810e-01	3.199005e+00	1.008636e+00	1.836164e+00	6.436439e-01	1.862846e+00	1.757693e+00	1.813888e+00	1.113378e+00	1.809462e+00	9.882983e-01	2.777635e-01	2.450813e+00	8.870738e-01	
4  100.447	2.254717e+00	1.173350e-01	7.112810e-01	3.199005e+00	1.008636e+00	1.833184e+00	6.057812e-01	1.821644e+00	9.602539e-01	1.875948e+00	1.598821e+00	1.768852e+00	1.178455e+00	2.777635e-01	2.450813e+00	8.870738e-01	
7  98.9906	2.244709e+00	1.293943e-01	7.140925e-01	3.050553e+00	9.088431e-01	1.860824e+00	4.917118e-01	1.869279e+00	9.520103e-01	1.917434e+00	1.597149e+00	1.809491e+00	1.157919e+00	2.990335e-01	2.112703e+00	8.442594e-01	
14  93.7396	2.244709e+00	1.293943e-01	7.140925e-01	3.050553e+00	9.088431e-01	1.871300e+00	7.443565e-01	1.888507e+00	8.939868e-01	1.852681e+00	1.187807e+00	1.787706e+00	1.358250e+00	2.990335e-01	2.112703e+00	8.442594e-01	
2  93.581	2.244709e+00	1.293943e-01	7.140925e-01	3.050553e+00	9.088431e-01	1.883396e+00	8.076704e-01	1.883815e+00	1.015431e+00	1.820684e+00	1.140375e+00	1.808023e+00	1.338665e+00	2.990335e-01	2.112703e+00	8.442594e-01	
 /!\ PyMultiNest detected but MultiNest likely not installed correctly. You can
     safely ignore this if not running with option -m NS
reading data file: data/eftboss/boss_dr12_2pt.npy
-----------------------
sky: cmass_ngc
output: bPk
multipole: 2
min bound (per multipole): [0.01, 0.01]
max bound (per multipole): [0.23, 0.23]
bao rec: on
coordinate (AP) distortion: on
survey mask: on
-----------------------
-----------------------
sky: cmass_sgc
output: bPk
multipole: 2
min bound (per multipole): [0.01, 0.01]
max bound (per multipole): [0.23, 0.23]
bao rec: on
coordinate (AP) distortion: on
survey mask: on
-----------------------
-----------------------
sky: lowz_ngc
output: bPk
multipole: 2
min bound (per multipole): [0.01, 0.01]
max bound (per multipole): [0.2, 0.2]
bao rec: on
coordinate (AP) distortion: on
survey mask: on
-----------------------
-----------------------
sky: lowz_sgc
output: bPk
multipole: 2
min bound (per multipole): [0.01, 0.01]
max bound (per multipole): [0.2, 0.2]
bao rec: on
coordinate (AP) distortion: on
survey mask: on
-----------------------
cmass_ngc: Hartlap factor correction on precision matrix estimated from 2048 mocks for 42 bins
cmass_sgc: Hartlap factor correction on precision matrix estimated from 2048 mocks for 42 bins
lowz_ngc: Hartlap factor correction on precision matrix estimated from 2048 mocks for 38 bins
lowz_sgc: Hartlap factor correction on precision matrix estimated from 2048 mocks for 38 bins
-----------------------
get_maxlkl : False
with_boss_correlated_skies_prior : False
with_rs_marg : False
-----------------------
Creating chains/eftboss_wc_nobbn/2023-12-05_10000__3.txt

v3.2.1
3  411.153	2.218079e+00	1.186546e-01	6.834577e-01	3.206991e+00	9.931466e-01	1.836434e+00	5.935295e-02	1.819216e+00	-7.277906e-02	1.834765e+00	-1.110876e-01	1.847333e+00	-3.976579e-02	3.028798e-01	2.470464e+00	8.862291e-01	
4  366.723	2.245354e+00	1.134490e-01	7.009844e-01	3.144450e+00	1.023414e+00	1.912821e+00	-8.350623e-02	1.907715e+00	-1.532415e-02	1.916805e+00	-3.360964e-02	1.931447e+00	2.081095e-02	2.778845e-01	2.320690e+00	8.469470e-01	
2  271.96	2.245354e+00	1.134490e-01	7.009844e-01	3.144450e+00	1.023414e+00	1.924615e+00	-1.469014e-01	1.944538e+00	3.908420e-01	1.946993e+00	3.336867e-01	1.930193e+00	2.031692e-01	2.778845e-01	2.320690e+00	8.469470e-01	
4  222.393	2.245354e+00	1.134490e-01	7.009844e-01	3.144450e+00	1.023414e+00	1.973782e+00	4.500243e-01	1.915118e+00	4.297669e-01	2.015526e+00	8.507274e-01	1.916393e+00	-1.435614e-02	2.778845e-01	2.320690e+00	8.469470e-01	
1  208.175	2.265144e+00	1.009788e-01	6.891337e-01	3.293100e+00	1.110952e+00	1.944030e+00	5.058543e-01	1.875214e+00	4.173391e-01	1.980282e+00	8.400705e-01	1.880676e+00	-1.254459e-02	2.616824e-01	2.692620e+00	8.669335e-01	
1  176.512	2.267736e+00	1.011643e-01	6.856645e-01	3.096356e+00	1.105947e+00	2.174826e+00	6.115627e-01	2.104614e+00	5.692127e-01	2.191222e+00	1.020269e+00	2.075418e+00	8.352359e-02	2.647868e-01	2.211721e+00	7.840741e-01	
6  171.965	2.341628e+00	9.359141e-02	7.008478e-01	3.143993e+00	1.150828e+00	2.143718e+00	3.621315e-01	2.092702e+00	5.375960e-01	2.181073e+00	1.008561e+00	2.073632e+00	8.771338e-02	2.395252e-01	2.319630e+00	7.721637e-01	
1  163.089	2.341628e+00	9.359141e-02	7.008478e-01	3.143993e+00	1.150828e+00	2.245181e+00	1.221903e+00	2.135313e+00	1.008982e+00	2.188897e+00	1.024452e+00	2.182329e+00	5.613979e-01	2.395252e-01	2.319630e+00	7.721637e-01	
2  153.297	2.341628e+00	9.359141e-02	7.008478e-01	3.143993e+00	1.150828e+00	2.196674e+00	9.508282e-01	2.146274e+00	1.484225e+00	2.189440e+00	1.003988e+00	2.199612e+00	8.664427e-01	2.395252e-01	2.319630e+00	7.721637e-01	
4  145.186	2.341628e+00	9.359141e-02	7.008478e-01	3.143993e+00	1.150828e+00	2.135941e+00	2.592512e-01	2.150108e+00	1.437935e+00	2.186559e+00	1.135184e+00	2.241327e+00	1.546003e+00	2.395252e-01	2.319630e+00	7.721637e-01	
5  142.413	2.294532e+00	9.507136e-02	7.037032e-01	2.940048e+00	1.138038e+00	2.354341e+00	3.887492e-01	2.363040e+00	1.601723e+00	2.382212e+00	1.313757e+00	2.424131e+00	1.653341e+00	2.396229e-01	1.891675e+00	7.053628e-01	
7  131.318	2.294532e+00	9.507136e-02	7.037032e-01	2.940048e+00	1.138038e+00	2.356674e+00	5.636463e-01	2.408013e+00	1.893354e+00	2.324661e+00	1.180708e+00	2.437752e+00	2.050077e+00	2.396229e-01	1.891675e+00	7.053628e-01	
2  125.691	2.269961e+00	1.150032e-01	7.011868e-01	2.770900e+00	1.020170e+00	2.403002e+00	7.507387e-01	2.443671e+00	1.913170e+00	2.356114e+00	1.187514e+00	2.460046e+00	2.026975e+00	2.813858e-01	1.597300e+00	7.067616e-01	
1  120.112	2.169448e+00	1.058096e-01	6.711258e-01	2.989766e+00	1.021000e+00	2.201906e+00	5.538093e-01	2.266191e+00	1.763945e+00	2.189773e+00	1.019033e+00	2.306810e+00	1.927582e+00	2.845147e-01	1.988103e+00	7.449494e-01	
2  118.275	2.120304e+00	1.181767e-01	6.533007e-01	2.722547e+00	9.212557e-01	2.414872e+00	7.252938e-01	2.480363e+00	1.885474e+00	2.384363e+00	1.156247e+00	2.481364e+00	1.974136e+00	3.280771e-01	1.521903e+00	6.740786e-01	
1  113.289	2.120304e+00	1.181767e-01	6.533007e-01	2.722547e+00	9.212557e-01	2.445635e+00	7.175202e-01	2.431627e+00	1.159377e+00	2.349401e+00	9.028829e-01	2.407372e+00	1.800989e+00	3.280771e-01	1.521903e+00	6.740786e-01	
7  104.599	2.120304e+00	1.181767e-01	6.533007e-01	2.722547e+00	9.212557e-01	2.370407e+00	3.718765e-01	2.467626e+00	9.208240e-01	2.354749e+00	1.106725e+00	2.353225e+00	1.582822e+00	3.280771e-01	1.521903e+00	6.740786e-01	
3  106.572	2.115574e+00	1.129131e-01	6.535624e-01	2.834037e+00	9.696480e-01	2.308537e+00	4.323645e-01	2.393129e+00	8.980520e-01	2.287465e+00	1.071142e+00	2.289714e+00	1.575418e+00	3.153809e-01	1.701401e+00	7.048718e-01	
4  105.769	2.120272e+00	1.223698e-01	6.607704e-01	2.703343e+00	9.072262e-01	2.361121e+00	4.177700e-01	2.451548e+00	9.227178e-01	2.340358e+00	1.100654e+00	2.339629e+00	1.581869e+00	3.303044e-01	1.492956e+00	6.804819e-01	
2  105.748	2.120272e+00	1.223698e-01	6.607704e-01	2.703343e+00	9.072262e-01	2.417144e+00	8.800717e-01	2.483077e+00	1.196233e+00	2.338991e+00	1.072458e+00	2.321679e+00	1.480075e+00	3.303044e-01	1.492956e+00	6.804819e-01	
11  104	2.120272e+00	1.223698e-01	6.607704e-01	2.703343e+00	9.072262e-01	2.346893e+00	4.957337e-01	2.473089e+00	6.659325e-01	2.298055e+00	1.099106e+00	2.258078e+00	1.247617e+00	3.303044e-01	1.492956e+00	6.804819e-01	
6  97.5771	2.120272e+00	1.223698e-01	6.607704e-01	2.703343e+00	9.072262e-01	2.310366e+00	2.868244e-01	2.450012e+00	7.976145e-01	2.279700e+00	1.016151e+00	2.221559e+00	1.314599e+00	3.303044e-01	1.492956e+00	6.804819e-01	
3  100.715	2.138623e+00	1.185462e-01	6.576712e-01	2.795792e+00	9.520235e-01	2.272895e+00	3.930423e-01	2.396701e+00	7.833829e-01	2.232113e+00	9.940220e-01	2.173680e+00	1.306747e+00	3.250089e-01	1.637559e+00	7.083541e-01	
1  98.6731	2.074703e+00	1.063027e-01	6.350018e-01	2.917272e+00	9.787313e-01	2.205786e+00	2.032216e-01	2.353688e+00	7.256436e-01	2.190368e+00	9.399206e-01	2.138111e+00	1.277019e+00	3.166796e-01	1.849078e+00	7.069738e-01	
1  98.9794	2.074703e+00	1.063027e-01	6.350018e-01	2.917272e+00	9.787313e-01	2.252051e+00	5.794685e-01	2.386703e+00	1.137870e+00	2.203859e+00	9.440434e-01	2.222290e+00	1.628466e+00	3.166796e-01	1.849078e+00	7.069738e-01	
4  98.5142	2.074703e+00	1.063027e-01	6.350018e-01	2.917272e+00	9.787313e-01	2.209948e+00	3.221078e-01	2.366489e+00	1.136239e+00	2.222476e+00	9.987133e-01	2.075708e+00	8.694068e-01	3.166796e-01	1.849078e+00	7.069738e-01	
6  96.9502	2.074703e+00	1.063027e-01	6.350018e-01	2.917272e+00	9.787313e-01	2.226264e+00	2.743442e-01	2.355684e+00	1.106289e+00	2.212395e+00	1.045993e+00	2.078340e+00	9.331062e-01	3.166796e-01	1.849078e+00	7.069738e-01	
1  95.1293	2.096294e+00	1.078613e-01	6.501582e-01	2.874055e+00	9.981065e-01	2.277468e+00	3.789524e-01	2.391279e+00	1.161863e+00	2.246878e+00	1.099754e+00	2.110637e+00	9.758124e-01	3.062848e-01	1.770868e+00	7.056174e-01	
2  95.7614	2.106171e+00	1.192490e-01	6.661541e-01	2.817185e+00	9.055812e-01	2.179471e+00	1.131282e-01	2.321057e+00	1.071348e+00	2.180271e+00	1.006184e+00	2.055617e+00	9.132094e-01	3.176367e-01	1.672969e+00	7.105462e-01	
 /!\ PyMultiNest detected but MultiNest likely not installed correctly. You can
     safely ignore this if not running with option -m NS
reading data file: data/eftboss/boss_dr12_2pt.npy
-----------------------
sky: cmass_ngc
output: bPk
multipole: 2
min bound (per multipole): [0.01, 0.01]
max bound (per multipole): [0.23, 0.23]
bao rec: on
coordinate (AP) distortion: on
survey mask: on
-----------------------
-----------------------
sky: cmass_sgc
output: bPk
multipole: 2
min bound (per multipole): [0.01, 0.01]
max bound (per multipole): [0.23, 0.23]
bao rec: on
coordinate (AP) distortion: on
survey mask: on
-----------------------
-----------------------
sky: lowz_ngc
output: bPk
multipole: 2
min bound (per multipole): [0.01, 0.01]
max bound (per multipole): [0.2, 0.2]
bao rec: on
coordinate (AP) distortion: on
survey mask: on
-----------------------
-----------------------
sky: lowz_sgc
output: bPk
multipole: 2
min bound (per multipole): [0.01, 0.01]
max bound (per multipole): [0.2, 0.2]
bao rec: on
coordinate (AP) distortion: on
survey mask: on
-----------------------
cmass_ngc: Hartlap factor correction on precision matrix estimated from 2048 mocks for 42 bins
cmass_sgc: Hartlap factor correction on precision matrix estimated from 2048 mocks for 42 bins
lowz_ngc: Hartlap factor correction on precision matrix estimated from 2048 mocks for 38 bins
lowz_sgc: Hartlap factor correction on precision matrix estimated from 2048 mocks for 38 bins
-----------------------
get_maxlkl : False
with_boss_correlated_skies_prior : False
with_rs_marg : False
-----------------------
Creating chains/eftboss_wc_nobbn/2023-12-05_10000__4.txt

v3.2.1
2  301.266	2.256029e+00	1.161564e-01	6.683674e-01	3.040574e+00	9.771279e-01	2.032321e+00	-2.153198e-02	2.037261e+00	1.848935e-02	2.033864e+00	2.598353e-02	2.031876e+00	1.441377e-02	3.119682e-01	2.091725e+00	7.929364e-01	
5  286.527	2.230454e+00	1.207339e-01	6.496113e-01	2.981285e+00	8.999251e-01	2.026067e+00	-1.865038e-01	2.060193e+00	-2.868052e-02	2.051611e+00	-9.420533e-03	2.048380e+00	-3.394297e-02	3.404841e-01	1.971313e+00	7.638617e-01	
2  263.757	2.230454e+00	1.207339e-01	6.496113e-01	2.981285e+00	8.999251e-01	2.059728e+00	1.589076e-01	2.062747e+00	-1.228898e-01	2.098595e+00	1.382550e-01	2.067990e+00	1.662433e-01	3.404841e-01	1.971313e+00	7.638617e-01	
3  181.252	2.230454e+00	1.207339e-01	6.496113e-01	2.981285e+00	8.999251e-01	2.085871e+00	4.848736e-01	2.118648e+00	1.941319e-01	2.115894e+00	7.798086e-01	2.081890e+00	2.702900e-01	3.404841e-01	1.971313e+00	7.638617e-01	
1  141.491	2.230454e+00	1.207339e-01	6.496113e-01	2.981285e+00	8.999251e-01	2.033382e+00	5.446740e-01	2.088219e+00	3.027931e-01	2.115641e+00	8.761509e-01	2.167057e+00	1.079521e+00	3.404841e-01	1.971313e+00	7.638617e-01	
5  136.98	2.248576e+00	1.144168e-01	6.386305e-01	2.946147e+00	9.039761e-01	2.093941e+00	3.574765e-01	2.175223e+00	3.129522e-01	2.194206e+00	9.157519e-01	2.243115e+00	1.091317e+00	3.372492e-01	1.903248e+00	7.232284e-01	
3  133.6	2.248576e+00	1.144168e-01	6.386305e-01	2.946147e+00	9.039761e-01	2.025799e+00	-1.383710e-01	2.190087e+00	7.011026e-01	2.159728e+00	9.431360e-01	2.294412e+00	1.066076e+00	3.372492e-01	1.903248e+00	7.232284e-01	
4  131.035	2.248576e+00	1.144168e-01	6.386305e-01	2.946147e+00	9.039761e-01	2.031360e+00	-3.517335e-02	2.208840e+00	4.785770e-01	2.143909e+00	1.014455e+00	2.234686e+00	7.354192e-01	3.372492e-01	1.903248e+00	7.232284e-01	
1  121.717	2.248576e+00	1.144168e-01	6.386305e-01	2.946147e+00	9.039761e-01	2.100400e+00	4.741079e-01	2.227920e+00	1.361053e+00	2.160688e+00	1.126828e+00	2.225110e+00	1.034099e+00	3.372492e-01	1.903248e+00	7.232284e-01	
4  119.865	2.226338e+00	1.051243e-01	6.378123e-01	3.216425e+00	9.114593e-01	1.784082e+00	-2.351813e-02	1.955340e+00	1.126551e+00	1.907620e+00	8.782320e-01	2.001124e+00	9.020763e-01	3.147258e-01	2.493879e+00	7.874600e-01	
11  116.763	2.204941e+00	1.081030e-01	6.451025e-01	3.124237e+00	9.259557e-01	1.905932e+00	2.523856e-01	2.047877e+00	1.242543e+00	1.994459e+00	9.870928e-01	2.078170e+00	9.752285e-01	3.142960e-01	2.274254e+00	7.725498e-01	
1  114.582	2.236695e+00	1.061711e-01	6.631339e-01	2.977677e+00	9.323107e-01	2.046442e+00	1.202123e-01	2.203282e+00	1.336059e+00	2.137643e+00	1.109121e+00	2.218879e+00	1.054529e+00	2.937652e-01	1.964213e+00	7.130398e-01	
1  113.735	2.253606e+00	1.102464e-01	6.870441e-01	3.054380e+00	9.432576e-01	1.928823e+00	1.516112e-01	2.069663e+00	1.285297e+00	2.016620e+00	1.032381e+00	2.108547e+00	1.030285e+00	2.826657e-01	2.120804e+00	7.666618e-01	
2  113.608	2.310256e+00	1.002976e-01	6.830735e-01	3.210320e+00	9.932536e-01	1.815840e+00	-6.887007e-02	1.974529e+00	1.188308e+00	1.929258e+00	9.458826e-01	2.030327e+00	9.813201e-01	2.658532e-01	2.478701e+00	7.871524e-01	
7  113.324	2.310256e+00	1.002976e-01	6.830735e-01	3.210320e+00	9.932536e-01	1.789411e+00	-3.211904e-01	1.937753e+00	7.493294e-01	1.911705e+00	7.875546e-01	2.046250e+00	1.254628e+00	2.658532e-01	2.478701e+00	7.871524e-01	
12  114.106	2.320893e+00	1.002374e-01	6.939367e-01	2.980356e+00	1.014863e+00	2.071087e+00	-1.224710e-01	2.203599e+00	9.602115e-01	2.157800e+00	1.024278e+00	2.274781e+00	1.398557e+00	2.576907e-01	1.969483e+00	7.088245e-01	
2  112.511	2.320893e+00	1.002374e-01	6.939367e-01	2.980356e+00	1.014863e+00	2.048385e+00	-1.897181e-01	2.179439e+00	4.423209e-01	2.173536e+00	1.371688e+00	2.237877e+00	9.606936e-01	2.576907e-01	1.969483e+00	7.088245e-01	
1  111.998	2.318494e+00	1.097357e-01	6.938616e-01	2.958309e+00	9.355699e-01	1.961885e+00	-3.294670e-01	2.110637e+00	3.579024e-01	2.108272e+00	1.281554e+00	2.178368e+00	8.919273e-01	2.774254e-01	1.926537e+00	7.238482e-01	
2  111.808	2.340975e+00	1.213757e-01	6.901870e-01	2.881659e+00	9.088715e-01	2.032494e+00	5.425154e-02	2.143083e+00	4.153788e-01	2.139751e+00	1.325820e+00	2.195526e+00	9.015651e-01	3.052946e-01	1.784385e+00	7.344796e-01	
4  109.01	2.322883e+00	1.128866e-01	6.851150e-01	2.902328e+00	9.308812e-01	2.042687e+00	-1.269491e-01	2.174435e+00	4.135300e-01	2.167497e+00	1.338469e+00	2.226677e+00	9.139580e-01	2.913606e-01	1.821651e+00	7.139387e-01	
1  106.663	2.322883e+00	1.128866e-01	6.851150e-01	2.902328e+00	9.308812e-01	2.032873e+00	-3.116716e-01	2.218620e+00	7.704009e-01	2.166791e+00	1.386169e+00	2.261855e+00	1.424639e+00	2.913606e-01	1.821651e+00	7.139387e-01	
3  105.482	2.322883e+00	1.128866e-01	6.851150e-01	2.902328e+00	9.308812e-01	2.085726e+00	2.265386e-01	2.216100e+00	4.670569e-01	2.150125e+00	1.224294e+00	2.184391e+00	9.526247e-01	2.913606e-01	1.821651e+00	7.139387e-01	
5  100.92	2.322883e+00	1.128866e-01	6.851150e-01	2.902328e+00	9.308812e-01	2.116397e+00	2.486311e-01	2.171387e+00	2.620934e-01	2.116342e+00	8.680219e-01	2.142936e+00	9.215081e-01	2.913606e-01	1.821651e+00	7.139387e-01	
6  101.614	2.374496e+00	1.120532e-01	6.778287e-01	2.728594e+00	9.807236e-01	2.411161e+00	6.728769e-01	2.428147e+00	4.743327e-01	2.355331e+00	1.105665e+00	2.354192e+00	1.049689e+00	2.969676e-01	1.531134e+00	6.592095e-01	
10  100.903	2.374496e+00	1.120532e-01	6.778287e-01	2.728594e+00	9.807236e-01	2.372985e+00	3.335052e-01	2.427712e+00	4.478341e-01	2.387710e+00	1.686181e+00	2.431761e+00	1.667519e+00	2.969676e-01	1.531134e+00	6.592095e-01	
2  101.774	2.374496e+00	1.120532e-01	6.778287e-01	2.728594e+00	9.807236e-01	2.365209e+00	-2.995732e-02	2.403815e+00	6.932798e-01	2.403206e+00	1.746734e+00	2.422302e+00	1.881251e+00	2.969676e-01	1.531134e+00	6.592095e-01	
5  102.451	2.374496e+00	1.120532e-01	6.778287e-01	2.728594e+00	9.807236e-01	2.401001e+00	5.516029e-01	2.438144e+00	1.234946e+00	2.382986e+00	1.728669e+00	2.404020e+00	1.889283e+00	2.969676e-01	1.531134e+00	6.592095e-01	
10  102.886	2.347865e+00	1.101189e-01	6.970177e-01	2.757498e+00	9.976126e-01	2.352785e+00	4.658594e-01	2.391375e+00	1.228843e+00	2.340515e+00	1.710895e+00	2.371650e+00	1.904149e+00	2.763121e-01	1.576036e+00	6.707285e-01	
4  101.173	2.347865e+00	1.101189e-01	6.970177e-01	2.757498e+00	9.976126e-01	2.366917e+00	5.198240e-01	2.388811e+00	1.097392e+00	2.351857e+00	1.703820e+00	2.312234e+00	1.231953e+00	2.763121e-01	1.576036e+00	6.707285e-01	
 /!\ PyMultiNest detected but MultiNest likely not installed correctly. You can
