#          omega_b,        omega_cdm,                h,     ln10^{10}A_s,              n_s,               b1,               c2,          Omega_m,              A_s,           sigma8
 1.512023e-07	 5.272964e-07	 9.475932e-07	-9.579235e-06	-2.459867e-06	 8.286874e-06	 1.487246e-05	 5.987856e-07	-1.649427e-14	-3.088814e-06	
 5.272964e-07	 1.256413e-04	 5.953585e-05	-9.346554e-04	-6.468719e-04	 2.319109e-05	 8.231310e-04	 2.084852e-04	-1.867265e-12	-4.809596e-05	
 9.475932e-07	 5.953585e-05	 1.483196e-04	-6.357805e-04	-2.875762e-04	 6.474322e-06	-2.367715e-04	-2.635257e-06	-1.295431e-12	-6.214157e-05	
-9.579235e-06	-9.346554e-04	-6.357805e-04	 2.757594e-02	 5.557760e-03	-2.362366e-02	-2.454873e-02	-1.411312e-03	 5.507551e-11	 8.828713e-03	
-2.459867e-06	-6.468719e-04	-2.875762e-04	 5.557760e-03	 5.103929e-03	 1.283255e-03	 5.071385e-03	-1.090763e-03	 1.115500e-11	 1.119269e-03	
 8.286874e-06	 2.319109e-05	 6.474322e-06	-2.362366e-02	 1.283255e-03	 3.250901e-02	 5.365312e-02	 7.738567e-05	-4.673012e-11	-8.961225e-03	
 1.487246e-05	 8.231310e-04	-2.367715e-04	-2.454873e-02	 5.071385e-03	 5.365312e-02	 2.734533e-01	 1.954279e-03	-4.706403e-11	-4.912681e-03	
 5.987856e-07	 2.084852e-04	-2.635257e-06	-1.411312e-03	-1.090763e-03	 7.738567e-05	 1.954279e-03	 4.326146e-04	-2.793797e-12	-5.692440e-05	
-1.649427e-14	-1.867265e-12	-1.295431e-12	 5.507551e-11	 1.115500e-11	-4.673012e-11	-4.706403e-11	-2.793797e-12	 1.109499e-19	 1.767698e-11	
-3.088814e-06	-4.809596e-05	-6.214157e-05	 8.828713e-03	 1.119269e-03	-8.961225e-03	-4.912681e-03	-5.692440e-05	 1.767698e-11	 3.723018e-03	
