#          omega_b,        omega_cdm,                h,     ln10^{10}A_s,              n_s,               b1,              bt2,              bG2,          Omega_m,              A_s,           sigma8
 1.204164e-07	 5.687709e-07	 7.992193e-07	 6.254037e-06	-1.345501e-06	-1.116803e-05	 6.481411e-06	-2.826979e-07	 7.257655e-07	 1.262520e-14	 3.908549e-06	
 5.687709e-07	 1.566179e-04	 1.052681e-04	-9.044636e-04	-6.067606e-04	-8.539734e-05	 7.034508e-05	-5.344255e-05	 2.375147e-04	-1.670709e-12	 1.274036e-04	
 7.992193e-07	 1.052681e-04	 2.154536e-04	-9.306474e-04	-2.851583e-04	 1.976307e-04	 5.315948e-04	 8.642642e-08	 3.220620e-05	-1.730581e-12	 4.980761e-05	
 6.254037e-06	-9.044636e-04	-9.306474e-04	 2.909238e-02	 4.791649e-03	-2.686049e-02	-1.214027e-02	-2.114974e-03	-1.069886e-03	 5.534632e-11	 9.069909e-03	
-1.345501e-06	-6.067606e-04	-2.851583e-04	 4.791649e-03	 4.469230e-03	 2.001869e-04	 2.039867e-03	 3.429431e-03	-1.029121e-03	 9.076419e-12	 7.600223e-04	
-1.116803e-05	-8.539734e-05	 1.976307e-04	-2.686049e-02	 2.001869e-04	 3.456055e-02	 1.899532e-02	 1.712009e-03	-3.823943e-04	-5.106370e-11	-1.091266e-02	
 6.481411e-06	 7.034508e-05	 5.315948e-04	-1.214027e-02	 2.039867e-03	 1.899532e-02	 2.437749e-01	 3.214804e-02	-3.452471e-04	-2.325481e-11	-3.805599e-03	
-2.826979e-07	-5.344255e-05	 8.642642e-08	-2.114974e-03	 3.429431e-03	 1.712009e-03	 3.214804e-02	 1.509092e-01	-1.111297e-04	-4.034230e-12	 8.156082e-05	
 7.257655e-07	 2.375147e-04	 3.220620e-05	-1.069886e-03	-1.029121e-03	-3.823943e-04	-3.452471e-04	-1.111297e-04	 4.737008e-04	-1.967266e-12	 2.329657e-04	
 1.262520e-14	-1.670709e-12	-1.730581e-12	 5.534632e-11	 9.076419e-12	-5.106370e-11	-2.325481e-11	-4.034230e-12	-1.967266e-12	 1.063442e-19	 1.754459e-11	
 3.908549e-06	 1.274036e-04	 4.980761e-05	 9.069909e-03	 7.600223e-04	-1.091266e-02	-3.805599e-03	 8.156082e-05	 2.329657e-04	 1.754459e-11	 4.457352e-03	
